actions_pred1.shape: torch.Size([1, 20, 6])
actions_pred.shape: torch.Size([1, 6, 20])
states.shape: torch.Size([1, 20, 6, 6])
actions.shape: torch.Size([1, 20, 1])
returns.shape: torch.Size([1, 20, 1])
timesteps.shape: torch.Size([1, 20])
labels.shape: torch.Size([1, 20])
actions_pred1: tensor([[[-0.5059,  0.5185,  0.4410,  1.2941,  1.3068, -0.2460],
         [-0.0602,  1.1633,  0.4087,  1.3057,  1.5300, -0.6077],
         [ 0.3036,  1.0004,  0.3246,  1.5508,  0.7916, -0.6110],
         [ 0.0961,  1.1069,  0.5829,  1.1788,  1.1261, -0.3818],
         [ 0.1605,  0.8733,  0.7066,  1.1684,  0.7309, -0.1881],
         [ 0.4262,  0.7951,  0.6745,  1.1853,  1.0801, -0.2222],
         [ 0.3162,  0.5106,  0.4888,  1.0280,  1.0390, -0.4346],
         [ 0.2603,  0.4321,  0.2269,  1.0380,  0.7949, -0.5069],
         [ 0.2077,  0.6814,  0.4770,  1.2715,  0.7919, -0.3489],
         [ 0.6289,  0.4233,  0.3592,  1.1205,  0.8062, -0.5966],
         [ 0.2629,  0.7320,  0.3963,  0.9330,  0.5784, -0.7492],
         [ 0.4676,  0.5852,  0.2906,  0.8339,  0.4534, -0.2301],
         [ 0.4606,  0.4618, -0.4175,  0.8807,  0.6837, -0.3013],
         [ 0.6021,  0.3282,  0.0489,  0.5542,  0.5788, -0.1633],
         [ 0.2627,  0.3601,  0.0055,  0.5418,  0.6227, -0.3947],
         [ 0.3944,  0.5387,  0.3050,  0.7944,  0.8329, -0.6349],
         [ 0.5021,  0.2093, -0.0085,  0.6190,  0.7316, -0.5185],
         [ 0.5340,  0.5036, -0.0270,  0.5186,  0.6618, -0.2532],
         [ 0.3469,  0.5149,  0.2654,  0.4534,  0.4833, -0.4592],
         [ 0.4211,  0.2005, -0.1789,  0.6520,  0.6702, -0.0872]]],
       grad_fn=<ViewBackward0>)
actions_pred: tensor([[[-0.5059, -0.0602,  0.3036,  0.0961,  0.1605,  0.4262,  0.3162,
           0.2603,  0.2077,  0.6289,  0.2629,  0.4676,  0.4606,  0.6021,
           0.2627,  0.3944,  0.5021,  0.5340,  0.3469,  0.4211],
         [ 0.5185,  1.1633,  1.0004,  1.1069,  0.8733,  0.7951,  0.5106,
           0.4321,  0.6814,  0.4233,  0.7320,  0.5852,  0.4618,  0.3282,
           0.3601,  0.5387,  0.2093,  0.5036,  0.5149,  0.2005],
         [ 0.4410,  0.4087,  0.3246,  0.5829,  0.7066,  0.6745,  0.4888,
           0.2269,  0.4770,  0.3592,  0.3963,  0.2906, -0.4175,  0.0489,
           0.0055,  0.3050, -0.0085, -0.0270,  0.2654, -0.1789],
         [ 1.2941,  1.3057,  1.5508,  1.1788,  1.1684,  1.1853,  1.0280,
           1.0380,  1.2715,  1.1205,  0.9330,  0.8339,  0.8807,  0.5542,
           0.5418,  0.7944,  0.6190,  0.5186,  0.4534,  0.6520],
         [ 1.3068,  1.5300,  0.7916,  1.1261,  0.7309,  1.0801,  1.0390,
           0.7949,  0.7919,  0.8062,  0.5784,  0.4534,  0.6837,  0.5788,
           0.6227,  0.8329,  0.7316,  0.6618,  0.4833,  0.6702],
         [-0.2460, -0.6077, -0.6110, -0.3818, -0.1881, -0.2222, -0.4346,
          -0.5069, -0.3489, -0.5966, -0.7492, -0.2301, -0.3013, -0.1633,
          -0.3947, -0.6349, -0.5185, -0.2532, -0.4592, -0.0872]]],
       grad_fn=<PermuteBackward0>)
states: tensor([[[[0.6628, 0.6628, 1.0000, 1.0000, 1.0000, 1.0000],
          [3.3262, 3.3056, 3.1022, 2.9088, 1.9832, 0.8663],
          [0.3329, 0.3394, 0.3557, 0.3553, 0.1648, 0.1399],
          [0.4504, 0.4206, 0.6034, 0.5935, 1.3256, 1.5168],
          [0.1723, 0.4383, 0.6349, 0.9740, 1.5872, 2.2191],
          [0.2083, 0.1875, 0.1667, 0.1458, 0.1250, 0.1042]],

         [[0.6628, 1.0000, 1.0000, 1.0000, 1.0000, 0.6628],
          [3.3056, 3.1022, 2.9088, 1.9832, 0.8663, 0.4000],
          [0.3394, 0.3557, 0.3553, 0.1648, 0.1399, 0.1628],
          [0.4206, 0.6034, 0.5935, 1.3256, 1.5168, 0.9747],
          [0.1670, 0.3990, 0.6302, 0.9590, 1.4649, 2.1249],
          [0.1875, 0.1667, 0.1458, 0.1250, 0.1042, 0.0833]],

         [[1.0000, 1.0000, 1.0000, 1.0000, 0.6628, 0.4302],
          [3.1022, 2.9088, 1.9832, 0.8663, 0.4000, 0.4995],
          [0.3557, 0.3553, 0.1648, 0.1399, 0.1628, 0.3191],
          [0.6034, 0.5935, 1.3256, 1.5168, 0.9747, 0.3005],
          [0.1601, 0.3938, 0.6387, 0.9821, 1.4835, 2.2465],
          [0.1667, 0.1458, 0.1250, 0.1042, 0.0833, 0.0625]],

         [[1.0000, 1.0000, 1.0000, 0.6628, 0.4302, 0.4302],
          [2.9088, 1.9832, 0.8663, 0.4000, 0.4995, 0.6159],
          [0.3553, 0.1648, 0.1399, 0.1628, 0.3191, 0.3463],
          [0.5935, 1.3256, 1.5168, 0.9747, 0.3005, 0.2836],
          [0.1375, 0.3311, 0.5386, 0.8307, 1.2315, 1.9611],
          [0.1458, 0.1250, 0.1042, 0.0833, 0.0625, 0.0417]],

         [[1.0000, 1.0000, 0.6628, 0.4302, 0.4302, 0.4302],
          [1.9832, 0.8663, 0.4000, 0.4995, 0.6159, 0.6436],
          [0.1648, 0.1399, 0.1628, 0.3191, 0.3463, 0.2232],
          [1.3256, 1.5168, 0.9747, 0.3005, 0.2836, 0.3723],
          [0.1184, 0.3141, 0.5509, 0.8464, 1.3645, 2.1550],
          [0.1250, 0.1042, 0.0833, 0.0625, 0.0417, 0.0208]],

         [[0.0000, 0.0000, 0.0000, 0.0000, 0.0000, 0.0698],
          [0.0000, 0.0000, 0.0000, 0.0000, 0.0000, 0.4000],
          [0.0000, 0.0000, 0.0000, 0.0000, 0.0000, 0.1452],
          [0.0000, 0.0000, 0.0000, 0.0000, 0.0000, 0.1252],
          [0.1556, 0.3989, 0.6111, 0.9577, 1.4318, 2.1231],
          [0.0000, 0.0000, 0.0000, 0.0000, 0.0000, 0.9792]],

         [[0.0000, 0.0000, 0.0000, 0.0000, 0.0698, 0.0698],
          [0.0000, 0.0000, 0.0000, 0.0000, 0.4000, 0.6911],
          [0.0000, 0.0000, 0.0000, 0.0000, 0.1452, 0.1428],
          [0.0000, 0.0000, 0.0000, 0.0000, 0.1252, 0.1089],
          [0.1399, 0.3508, 0.5711, 0.8778, 1.3009, 2.1771],
          [0.0000, 0.0000, 0.0000, 0.0000, 0.9792, 0.9583]],

         [[0.0000, 0.0000, 0.0000, 0.0698, 0.0698, 0.0698],
          [0.0000, 0.0000, 0.0000, 0.4000, 0.6911, 0.9930],
          [0.0000, 0.0000, 0.0000, 0.1452, 0.1428, 0.1427],
          [0.0000, 0.0000, 0.0000, 0.1252, 0.1089, 0.0980],
          [0.1554, 0.3824, 0.6177, 0.9333, 1.5203, 2.1609],
          [0.0000, 0.0000, 0.0000, 0.9792, 0.9583, 0.9375]],

         [[0.0000, 0.0000, 0.0698, 0.0698, 0.0698, 0.0698],
          [0.0000, 0.0000, 0.4000, 0.6911, 0.9930, 1.2894],
          [0.0000, 0.0000, 0.1452, 0.1428, 0.1427, 0.1500],
          [0.0000, 0.0000, 0.1252, 0.1089, 0.0980, 0.1036],
          [0.1634, 0.4116, 0.6529, 0.9967, 1.4726, 2.2331],
          [0.0000, 0.0000, 0.9792, 0.9583, 0.9375, 0.9167]],

         [[0.0000, 0.0698, 0.0698, 0.0698, 0.0698, 0.0698],
          [0.0000, 0.4000, 0.6911, 0.9930, 1.2894, 1.6328],
          [0.0000, 0.1452, 0.1428, 0.1427, 0.1500, 0.2888],
          [0.0000, 0.1252, 0.1089, 0.0980, 0.1036, 0.0566],
          [0.1263, 0.3186, 0.5203, 0.8011, 1.2243, 1.9416],
          [0.0000, 0.9792, 0.9583, 0.9375, 0.9167, 0.8958]],

         [[0.0698, 0.0698, 0.0698, 0.0698, 0.0698, 0.0698],
          [0.4000, 0.6911, 0.9930, 1.2894, 1.6328, 1.9872],
          [0.1452, 0.1428, 0.1427, 0.1500, 0.2888, 0.2772],
          [0.1252, 0.1089, 0.0980, 0.1036, 0.0566, 0.0456],
          [0.1533, 0.3526, 0.5618, 0.9055, 1.3884, 2.1575],
          [0.9792, 0.9583, 0.9375, 0.9167, 0.8958, 0.8750]],

         [[0.0698, 0.0698, 0.0698, 0.0698, 0.0698, 0.1744],
          [0.6911, 0.9930, 1.2894, 1.6328, 1.9872, 2.2752],
          [0.1428, 0.1427, 0.1500, 0.2888, 0.2772, 0.3147],
          [0.1089, 0.0980, 0.1036, 0.0566, 0.0456, 0.1121],
          [0.1738, 0.4372, 0.7095, 1.0605, 1.6388, 2.2902],
          [0.9583, 0.9375, 0.9167, 0.8958, 0.8750, 0.8542]],

         [[0.0698, 0.0698, 0.0698, 0.0698, 0.1744, 0.1744],
          [0.9930, 1.2894, 1.6328, 1.9872, 2.2752, 2.5378],
          [0.1427, 0.1500, 0.2888, 0.2772, 0.3147, 0.3181],
          [0.0980, 0.1036, 0.0566, 0.0456, 0.1121, 0.1374],
          [0.1507, 0.3748, 0.5848, 0.8528, 1.3480, 2.0555],
          [0.9375, 0.9167, 0.8958, 0.8750, 0.8542, 0.8333]],

         [[0.0698, 0.0698, 0.0698, 0.1744, 0.1744, 0.1744],
          [1.2894, 1.6328, 1.9872, 2.2752, 2.5378, 2.8189],
          [0.1500, 0.2888, 0.2772, 0.3147, 0.3181, 0.3154],
          [0.1036, 0.0566, 0.0456, 0.1121, 0.1374, 0.1188],
          [0.1391, 0.3628, 0.5608, 0.9139, 1.4298, 2.1692],
          [0.9167, 0.8958, 0.8750, 0.8542, 0.8333, 0.8125]],

         [[0.0698, 0.0698, 0.1744, 0.1744, 0.1744, 0.1744],
          [1.6328, 1.9872, 2.2752, 2.5378, 2.8189, 3.1055],
          [0.2888, 0.2772, 0.3147, 0.3181, 0.3154, 0.3197],
          [0.0566, 0.0456, 0.1121, 0.1374, 0.1188, 0.1135],
          [0.1418, 0.3532, 0.6074, 0.9398, 1.3545, 2.1735],
          [0.8958, 0.8750, 0.8542, 0.8333, 0.8125, 0.7917]],

         [[0.0698, 0.1744, 0.1744, 0.1744, 0.1744, 0.2791],
          [1.9872, 2.2752, 2.5378, 2.8189, 3.1055, 3.3254],
          [0.2772, 0.3147, 0.3181, 0.3154, 0.3197, 0.3372],
          [0.0456, 0.1121, 0.1374, 0.1188, 0.1135, 0.1801],
          [0.1561, 0.4051, 0.5941, 0.9174, 1.5200, 2.1025],
          [0.8750, 0.8542, 0.8333, 0.8125, 0.7917, 0.7708]],

         [[0.1744, 0.1744, 0.1744, 0.1744, 0.2791, 0.2791],
          [2.2752, 2.5378, 2.8189, 3.1055, 3.3254, 3.5493],
          [0.3147, 0.3181, 0.3154, 0.3197, 0.3372, 0.3373],
          [0.1121, 0.1374, 0.1188, 0.1135, 0.1801, 0.1761],
          [0.1607, 0.3864, 0.6243, 0.9469, 1.4229, 2.2095],
          [0.8542, 0.8333, 0.8125, 0.7917, 0.7708, 0.7500]],

         [[0.1744, 0.1744, 0.1744, 0.2791, 0.2791, 0.2791],
          [2.5378, 2.8189, 3.1055, 3.3254, 3.5493, 3.6235],
          [0.3181, 0.3154, 0.3197, 0.3372, 0.3373, 0.1916],
          [0.1374, 0.1188, 0.1135, 0.1801, 0.1761, 0.3258],
          [0.1798, 0.4344, 0.6874, 1.0365, 1.5783, 2.2754],
          [0.8333, 0.8125, 0.7917, 0.7708, 0.7500, 0.7292]],

         [[0.1744, 0.1744, 0.2791, 0.2791, 0.2791, 0.2791],
          [2.8189, 3.1055, 3.3254, 3.5493, 3.6235, 3.3743],
          [0.3154, 0.3197, 0.3372, 0.3373, 0.1916, 0.1059],
          [0.1188, 0.1135, 0.1801, 0.1761, 0.3258, 0.6492],
          [0.1401, 0.3371, 0.5270, 0.8216, 1.2314, 2.0054],
          [0.8125, 0.7917, 0.7708, 0.7500, 0.7292, 0.7083]],

         [[0.1744, 0.2791, 0.2791, 0.2791, 0.2791, 0.2791],
          [3.1055, 3.3254, 3.5493, 3.6235, 3.3743, 3.4955],
          [0.3197, 0.3372, 0.3373, 0.1916, 0.1059, 0.1890],
          [0.1135, 0.1801, 0.1761, 0.3258, 0.6492, 0.2788],
          [0.1383, 0.3662, 0.5879, 0.9232, 1.4711, 2.1525],
          [0.7917, 0.7708, 0.7500, 0.7292, 0.7083, 0.6875]]]])
actions: tensor([[[0.8333],
         [0.6667],
         [0.6667],
         [0.6667],
         [0.5000],
         [0.1667],
         [0.1667],
         [0.1667],
         [0.1667],
         [0.1667],
         [0.3333],
         [0.3333],
         [0.3333],
         [0.3333],
         [0.5000],
         [0.5000],
         [0.5000],
         [0.5000],
         [0.5000],
         [0.5000]]])
returns: tensor([[[0.0048],
         [0.0039],
         [0.0029],
         [0.0019],
         [0.0010],
         [0.0454],
         [0.0445],
         [0.0435],
         [0.0426],
         [0.0416],
         [0.0406],
         [0.0397],
         [0.0387],
         [0.0378],
         [0.0368],
         [0.0358],
         [0.0349],
         [0.0339],
         [0.0329],
         [0.0320]]])
timesteps: tensor([[42, 43, 44, 45, 46,  0,  1,  2,  3,  4,  5,  6,  7,  8,  9, 10, 11, 12,
         13, 14]], dtype=torch.int32)
labels: tensor([[4, 3, 3, 3, 2, 0, 0, 0, 0, 0, 1, 1, 1, 1, 2, 2, 2, 2, 2, 2]])
